1 0000000000010001 
1 0000000000100001
1 0000000000110001
1 0000000001000001
1 0000000001010001
1 0000000001100001
1 0000000001110011
1 0000000010000111
1 0000000010010001
1 0000000010100001
1 0000000010110001
1 0000000011000100
1 0000000011010001
1 0000000011100001
1 0000000011110001
1 0000000100000001
1 0000000100010001
1 0000000100100111
2 0000000100110000
2 0000000101000000
2 0000000101010000
50 0000000101100000
2 0000000101110011 
4 0000000110000001
1 0000000110010001
1 0000000110100001
2 0000000110110001
1 0000000111000001
3 0000000111010001
1 0000000111100000
1 0000000111110000
1 1111111111111111